alpha <- 1.0
dx <- 0.05
delta <- 0.01
