y <-
c(-0.738237390316, 0.353837844923, 0.489028022819, 0.801642260014, 0.934941976234, 0.468195786032, 1.01583123934, 0.869092414703, 0.888996813055, 0.764092705012, 0.914468124134, 0.379237208965, 0.490790921203, 0.875906113042, 0.5214162853, 0.242033483196, -0.25984625328, 0.647446533868, 0.462016240692, 0.74845623941, 0.810234180456, 1.00622308559, 0.941781792472, 1.48325494581, 1.73021822713, 1.49431405134, 1.2341128617, 0.928889310093, 1.07022504889, 0.501817350854, 0.952216400684, 0.677391874475, 0.468745251157, 0.458198847268, 0.21082202435, 0.310823297858, 0.0815574220876, 0.0487389557956, 0.235124259442, -0.0566969814537, 0.552624779041, 1.01573830785, 0.587355728342, 0.728363568531, 1.29892928128, 0.230866824166, 0.695644914966, 0.876868504687, 0.113118108258, 0.0568817429207, 0.455328222869, 0.0217339366616, -0.675164531768, -0.541861780556, -1.29089419442, -1.19396001715, -0.806272308535, -0.512166150763, -0.750510004327, -0.695839929488, -0.498270328212, -0.476992057467, -0.579739856365, -0.0957474635999, -0.943630789172, -0.632719804357, 0.538718982349, -0.153127161137, -0.582174804081, -0.859845187924, -0.853859879318, -0.560673938068, -1.03402626524, -1.28052543518, -1.53420389375, -1.80085878979, -1.62958599085, -1.68877325558, -0.783856262053, -1.48536695455, -0.732626549286, -0.670135791847, -0.637711981727, -0.557025436032, -0.522655791276, -0.326532745031, -0.0861390629729, -0.546705323183, -0.348619955316, -0.619822106636, -0.569602290972, -0.754740309124, -0.600566979735, -0.52595179621, -1.06961965277, -1.01324222685, -0.810467784679, -0.374656322113, -0.338987384612, -0.397616908023)
x <-
c(0.0, 0.01, 0.02, 0.03, 0.04, 0.05, 0.06, 0.07, 0.08, 0.09, 0.1, 0.11, 0.12, 0.13, 0.14, 0.15, 0.16, 0.17, 0.18, 0.19, 0.2, 0.21, 0.22, 0.23, 0.24, 0.25, 0.26, 0.27, 0.28, 0.29, 0.3, 0.31, 0.32, 0.33, 0.34, 0.35, 0.36, 0.37, 0.38, 0.39, 0.4, 0.41, 0.42, 0.43, 0.44, 0.45, 0.46, 0.47, 0.48, 0.49, 0.5, 0.51, 0.52, 0.53, 0.54, 0.55, 0.56, 0.57, 0.58, 0.59, 0.6, 0.61, 0.62, 0.63, 0.64, 0.65, 0.66, 0.67, 0.68, 0.69, 0.7, 0.71, 0.72, 0.73, 0.74, 0.75, 0.76, 0.77, 0.78, 0.79, 0.8, 0.81, 0.82, 0.83, 0.84, 0.85, 0.86, 0.87, 0.88, 0.89, 0.9, 0.91, 0.92, 0.93, 0.94, 0.95, 0.96, 0.97, 0.98, 0.99)
n <- 100
