y <-
c(0.242880963626, 0.285171251774, 0.568139565638, 0.66280684, 1.25515764361, 0.794134528431, 0.293242789667, 0.628206489445, 0.445270787259, 0.617921439809, 0.605687561436, 0.532658150725, 0.141404996171, 0.19194137335, 0.532240621645, 0.102329867859, 0.38958707768, 0.314562860905, 0.495322941975, 0.272422736985, 0.776450356088, 0.903961899334, 1.44974597474, 1.69821498579, 1.54412796244, 1.27807643755, 1.76810150014, 1.1584451004, 1.59994346023, 0.751329530834, 1.01323935054, 0.697763657912, 0.704646229588, 0.716198912215, 0.150847442853, 0.469959038501, 0.391778613143, 0.37230590494, 0.636306611322, 0.565268189038, 0.689814815628, 0.768275894784, 0.728000573335, 0.240099408492, 1.16469759905, 0.523490943438, 0.527972485415, 0.421892041388, -0.143815339914, -0.133721982187, 0.0513309898145, -0.539575167607, -0.283347720838, -0.686511431364, -0.811162018739, -1.20755263001, -1.08683606964, -0.963151180667, -0.613569900861, -1.13984125372, -0.324318137725, -0.673124218548, -0.511415201593, -0.393738074746, -0.665500263114, -0.157357621317, -0.462965651645, -0.535402849402, -0.548577676214, -1.24888092364, -0.983584448538, -1.21425188607, -1.17263779128, -1.735299181, -1.79331688209, -1.52792700405, -1.63026079567, -1.75640089562, -1.52979368087, -1.43137144945, -0.501342315124, -0.856171913925, -0.865193707172, -1.13679861313, -0.0586298171838, -0.0405816035397, -0.108725845638, -0.36965030515, -0.213087062506, -0.501790831326, -0.260275721567, -0.349670158806, -0.202782086082, -1.00465187489, -1.00053365753, -0.862585092728, -0.392864903649, -1.11778282308, -0.362309110327, 0.239281909444)
x <-
c(0.0, 0.01, 0.02, 0.03, 0.04, 0.05, 0.06, 0.07, 0.08, 0.09, 0.1, 0.11, 0.12, 0.13, 0.14, 0.15, 0.16, 0.17, 0.18, 0.19, 0.2, 0.21, 0.22, 0.23, 0.24, 0.25, 0.26, 0.27, 0.28, 0.29, 0.3, 0.31, 0.32, 0.33, 0.34, 0.35, 0.36, 0.37, 0.38, 0.39, 0.4, 0.41, 0.42, 0.43, 0.44, 0.45, 0.46, 0.47, 0.48, 0.49, 0.5, 0.51, 0.52, 0.53, 0.54, 0.55, 0.56, 0.57, 0.58, 0.59, 0.6, 0.61, 0.62, 0.63, 0.64, 0.65, 0.66, 0.67, 0.68, 0.69, 0.7, 0.71, 0.72, 0.73, 0.74, 0.75, 0.76, 0.77, 0.78, 0.79, 0.8, 0.81, 0.82, 0.83, 0.84, 0.85, 0.86, 0.87, 0.88, 0.89, 0.9, 0.91, 0.92, 0.93, 0.94, 0.95, 0.96, 0.97, 0.98, 0.99)
n <- 100
